7 1        1  
8 2        1  
9 34       13 
10 88      11 
11 141     23 
12 416     49 
13 1029    65 
14 2163    80 
15 5655    88 
16 8051    99 
17 12526   86 
18 18737   85 
19 26600   65 
20 31950   53 
21 45914   51 
22 60441   41 
23 78113   26 
24 87540   16 
25 113810  9  
26 133961  8  
27 149930  7  
28 174922  2  
29 203529  2  
30 232601  3  
31 262255  4  
32 287374  2  
33 302832  1  
34 335160  1  
35 366498  0  
36 393556  0  
37 425995  0  
38 458667  0  
39 480107  0  
40 514760  0  
